Вес дерева 125587, число листьев = 2
edge 512 511
179 511
2 179
2 171
171 245
245 251
251 370
180 370
32 180
32 321
246 321
26 246
26 43
30 43
30 81
81 143
111 143
111 302
218 302
218 365
265 365
265 481
412 481
27 412
27 509
107 509
107 219
219 477
319 477
319 502
415 502
10 415
10 487
16 487
11 16
11 82
23 82
23 188
188 240
203 240
203 476
418 476
161 418
161 193
193 278
278 436
303 436
303 322
322 344
48 344
48 349
146 349
146 364
364 367
367 443
443 450
112 450
14 112
14 312
21 312
21 317
261 317
261 414
353 414
353 446
362 446
45 362
45 72
72 431
114 431
114 451
133 451
133 342
134 342
9 134
9 174
174 276
276 331
7 331
7 419
97 419
97 191
142 191
142 198
198 252
242 252
242 356
356 406
108 406
36 108
36 190
190 376
376 483
60 483
60 124
124 137
64 137
64 162
162 163
163 267
35 267
35 400
249 400
249 334
256 334
256 397
157 397
46 157
46 182
182 503
66 503
66 377
255 377
255 408
59 408
59 83
83 494
298 494
298 347
77 347
77 499
328 499
224 328
224 279
279 336
226 336
226 327
327 482
460 482
225 460
225 470
244 470
61 244
61 391
205 391
13 205
13 270
270 326
104 326
104 155
155 393
170 393
170 227
192 227
192 382
343 382
343 467
12 467
12 164
99 164
99 407
395 407
194 395
185 194
185 469
427 469
100 427
100 442
369 442
369 462
214 462
152 214
149 152
149 304
206 304
206 209
209 228
228 417
417 465
424 465
102 424
102 233
233 268
197 268
6 197
6 204
113 204
113 173
173 309
34 309
34 287
282 287
71 282
71 429
39 429
39 325
117 325
117 496
297 496
285 297
51 285
51 402
380 402
380 466
466 500
410 500
286 410
286 333
333 390
390 498
187 498
20 187
20 222
222 512
89 512
89 151
109 151
109 350
8 350
8 68
68 140
123 140
123 375
375 398
398 440
37 440
37 420
135 420
101 135
85 101
85 220
144 220
144 201
184 201
184 433
54 433
54 126
126 371
44 371
44 105
105 378
196 378
74 196
19 74
19 310
306 310
28 306
28 383
308 383
289 308
207 289
207 474
388 474
263 388
263 269
269 313
313 404
404 444
384 444
291 384
291 432
323 432
323 335
335 439
18 439
18 373
186 373
186 264
50 264
50 366
259 366
259 501
314 501
87 314
87 495
332 495
332 491
106 491
106 352
65 352
65 428
195 428
195 506
283 506
229 283
75 229
75 311
176 311
120 176
120 271
69 271
69 374
348 374
348 459
355 459
355 510
31 510
31 318
92 318
41 92
5 41
5 47
47 379
181 379
181 456
183 456
183 202
202 215
215 324
324 360
148 360
148 165
79 165
55 79
55 399
399 438
147 438
147 485
405 485
221 405
221 413
413 437
103 437
103 150
131 150
131 320
232 320
232 471
299 471
299 339
42 339
42 473
338 473
88 338
63 88
38 63
38 358
239 358
239 281
57 281
57 389
266 389
189 266
189 346
346 372
253 372
90 253
90 275
172 275
70 172
4 70
4 260
15 260
15 78
78 386
386 486
453 486
177 453
67 177
67 479
49 479
49 441
441 457
168 457
168 208
208 330
330 435
116 435
116 461
273 461
231 273
40 231
40 423
423 492
492 497
139 497
139 489
368 489
368 505
154 505
154 248
216 248
216 475
95 475
95 119
119 445
445 455
213 455
125 213
125 127
127 300
300 508
361 508
210 361
210 448
416 448
293 416
17 293
17 274
274 387
387 425
294 425
294 329
110 329
110 421
22 421
22 25
1 25
1 73
73 272
158 272
29 158
29 212
212 277
277 292
292 396
86 396
86 422
363 422
217 363
122 217
122 392
234 392
234 490
454 490
409 454
409 488
258 488
258 458
280 458
280 290
290 305
305 463
94 463
94 507
98 507
98 484
236 484
236 254
254 403
145 403
76 145
76 480
472 480
401 472
175 401
175 359
211 359
166 211
118 166
118 121
121 257
115 257
115 504
394 504
394 478
199 478
130 199
130 468
91 468
91 178
178 464
341 464
341 452
159 452
159 354
24 354
24 315
167 315
3 167
3 132
132 307
80 307
33 80
52 33
53 52
56 53
58 56
62 58
84 62
93 84
96 93
128 96
129 128
136 129
138 136
141 138
153 141
156 153
160 156
169 160
200 169
223 200
230 223
235 230
237 235
238 237
241 238
243 241
247 243
250 247
262 250
284 262
288 284
295 288
296 295
301 296
316 301
337 316
340 337
345 340
351 345
357 351
381 357
385 381
411 385
426 411
430 426
434 430
447 434
449 447
493 449
