Вес дерева 7133, число листьев = 2
edge 128 127
88 109
14 109
14 45
40 45
40 128
90 128
32 90
32 86
36 86
36 108
69 108
66 69
66 76
76 105
105 124
11 124
11 91
15 91
15 93
33 93
31 33
12 31
12 102
75 102
46 75
46 83
83 114
74 114
38 74
38 42
10 42
10 107
107 122
29 122
18 29
8 18
8 52
21 52
21 65
65 95
95 100
3 100
2 3
2 23
9 23
9 72
47 72
47 112
34 112
34 84
62 84
62 117
117 118
118 121
6 121
6 98
98 104
101 104
7 101
7 28
19 28
19 63
63 89
85 89
17 85
17 113
13 113
13 59
35 59
35 94
77 94
49 77
49 123
119 123
58 119
58 126
97 126
97 110
68 110
54 68
54 125
24 125
24 51
51 71
20 71
16 20
16 92
27 92
27 41
30 41
30 82
22 82
5 22
5 99
73 99
4 73
4 115
43 115
43 116
39 116
39 56
44 56
44 55
50 55
50 80
80 87
78 87
67 78
57 67
37 57
37 81
53 81
1 53
25 1
26 25
48 26
60 48
61 60
64 61
70 64
79 70
96 79
103 96
106 103
111 106
120 111
127 120
