n = 4096
2043	2023
2024	2024
2044	2072
2404	818
3168	3651
1683	2180
784	336
2460	2200
2889	2608
2035	2015
2014	2058
2320	3600
2268	946
3858	3580
3156	343
3181	1955
2055	1952
3343	3828
2111	1972
3773	423
285	4065
2087	2051
1503	308
2052	2071
2075	2075
2045	2034
2727	3670
3412	2121
1787	125
2054	2087
2378	3694
924	2360
2639	3030
2654	1890
3505	1955
1088	2885
2080	2038
2045	2136
1994	2115
573	2802
47	1701
2008	2043
2046	2032
2047	1587
3700	791
3650	1847
305	1235
1707	88
2017	2021
2053	2064
3618	3059
2913	3358
3250	1351
600	1729
2033	2013
2666	855
2916	3805
2320	2656
2018	2065
186	2130
1196	903
1415	2855
3458	3142
2133	3630
2041	1959
2101	1979
239	837
1983	255
3748	1181
2091	2057
2048	2064
1925	1804
1391	126
2076	2073
2045	2026
2070	2083
2083	2023
2060	2138
3444	2517
1998	2108
3667	1265
94	1076
1227	1907
3853	3985
2003	2036
2048	2030
1038	2245
1105	2934
2025	2021
2901	3881
2054	2072
442	3519
3831	3020
2027	2007
980	2677
2023	2068
2032	1956
1800	2531
3687	3158
2103	1987
2101	1000
2655	216
3945	3181
2089	2060
2042	2068
1183	3659
1954	4036
151	3399
1189	1095
4050	953
1610	2108
251	1920
2803	1548
3660	2842
1618	2765
2074	2080
2046	2017
1532	2572
2068	2093
2546	2025
3194	2344
2066	2029
828	2099
3700	3465
3494	3845
937	2620
3803	2901
2069	2144
866	3704
664	766
2001	2095
3162	181
1699	2627
2082	1595
2005	2047
1523	2743
2573	3000
1587	1297
2046	2024
2025	2014
2052	2078
674	1769
2031	2002
273	2910
2793	3612
2109	4009
2612	3855
52	2478
336	241
1471	3619
2027	1962
1526	628
2089	2007
2088	2048
3930	2567
2054	2065
2493	2377
1307	3879
268	3351
3736	928
3765	3346
724	2972
2065	2087
1276	560
3907	408
1746	1259
2047	2026
2059	364
3360	3282
2384	1772
3041	1079
1463	1730
2061	2097
1759	443
2065	2021
1523	1800
2077	2129
2019	2084
28	714
726	507
2159	410
2001	2049
2047	2031
2031	2008
2050	2070
2275	2007
912	1285
2171	51
1064	1099
2054	3001
2031	1997
1459	2127
1845	1660
979	613
3787	398
900	151
2021	2077
3180	2591
2021	1968
2084	2009
1700	3733
572	849
2092	2047
2351	1145
3864	599
2042	2073
2061	2088
716	1946
3127	1857
1727	4
784	1043
2047	2025
1269	14
2367	64
1245	154
1303	3879
2064	2089
2081	2019
2076	2126
882	2134
2632	3835
2898	2404
3215	2068
1769	1882
2017	2086
2003	2047
2056	2027
3538	2852
2319	1558
2901	1451
2027	2016
2728	324
1010	3891
802	1221
1809	2183
2247	1958
1802	3349
2033	2082
836	2079
3678	3126
2436	2422
3398	1419
1001	2613
3795	3697
151	3165
2036	2000
2026	2074
3078	579
3633	1661
2009	1974
2909	1021
4047	1150
2083	2009
2688	188
2091	2050
2036	2070
1363	788
3159	3820
2959	2883
2068	2081
2068	2005
3499	1834
827	1479
448	1690
3888	2678
2802	1207
643	2454
3865	2576
1995	2837
1979	697
3945	3148
2521	102
3451	1452
4074	2547
2213	489
2407	3663
2066	2093
1397	2069
2775	191
880	1314
2021	4040
1629	190
2008	4035
2635	1053
2059	2029
3982	922
2083	2117
2333	1285
2023	2077
2006	2046
3551	1443
1363	1860
620	3142
145	2846
2065	2028
2032	2007
378	128
1810	2982
864	253
3030	788
3817	3830
2027	2088
2077	665
2036	1994
404	1658
672	313
2045	2064
2411	2711
2012	1981
3457	2351
2061	2019
2093	2050
1335	2327
2035	2065
3006	1615
2062	2098
3924	2498
46	2758
2073	2008
2058	2105
2043	2039
1440	112
2082	2114
2019	1697
2037	2077
758	2418
2908	3397
2003	2044
2675	3169
3563	2699
2070	964
223	2125
2062	2029
552	1921
318	4086
2031	2005
2023	2088
1836	953
2043	1987
2050	2054
900	1275
3539	2635
2015	1989
1360	1975
2061	2015
1206	3564
1252	873
3405	2056
1594	1269
2096	2048
380	1812
2837	1840
2035	2064
2069	2089
2072	2011
1922	3031
3926	1765
2050	2107
3318	2877
3646	1702
2053	2034
3104	3072
3600	3346
2338	404
1481	2478
2086	2104
3943	3486
2041	2079
2047	2283
1560	2113
2305	2219
2010	2044
2061	2027
2027	2011
2025	2083
795	1213
1555	2640
2789	2804
2061	1245
2721	1647
1093	491
2039	1994
2038	2068
2085	3658
2012	1991
2444	1153
3087	882
2080	2057
503	2192
1457	3750
2037	2060
2071	2091
2066	2010
101	626
2522	3136
2059	2099
302	3380
964	1407
281	1667
2061	2029
2086	2099
2041	2076
2016	2046
2587	2260
2024	2006
2816	1327
2894	631
2035	2082
1817	2610
2036	2002
3669	1456
459	1189
943	2383
406	2765
3185	144
2023	2074
426	1549
3691	2624
4042	3580
1199	2427
787	3168
2006	2000
430	681
738	2533
613	1276
2050	2020
564	2979
1640	1007
2076	2055
1036	1817
3271	3531
900	569
3346	2495
2040	2064
3522	1413
3013	270
3517	873
3567	167
2066	2094
2055	2020
2519	3224
2057	2089
366	3274
948	882
378	143
297	531
2082	2013
2586	1665
501	2332
3090	1444
2948	130
2091	2096
2428	766
518	2282
467	3519
2048	2072
1526	1431
498	2189
2029	2031
3457	180
1090	1478
2062	2025
3817	1970
2024	2004
3163	3340
2046	2072
1160	3600
4005	3097
3383	1143
2927	3662
1052	3400
763	2978
2340	542
2034	2009
2130	592
2051	540
3365	3966
3466	3966
3726	2408
2023	2085
3015	3436
3484	109
2286	836
2002	2005
3872	375
3173	287
3701	1322
3710	1652
1584	110
2047	2029
2064	2066
3290	841
3521	866
2027	2076
2074	2092
3804	3859
3570	359
357	104
119	1952
2431	3013
3416	32
2434	2504
983	3742
2046	2015
2063	1438
3169	1336
781	1419
1827	2843
2073	2087
2	2870
3871	1668
264	1515
3092	3539
2070	2009
2093	2095
2958	3682
1648	3387
2055	2060
2030	2043
3762	1954
1893	2444
1340	2604
936	2725
2026	1995
2110	212
2059	2082
730	2353
2021	2008
2022	2087
2004	2003
3648	2521
2070	2059
608	3941
3421	706
425	2185
2247	547
3332	4001
2026	2080
3170	1204
2101	2847
2101	896
2417	170
2072	2099
2035	2017
2078	2082
2073	2015
2087	2095
846	3868
2108	3457
1708	4031
3541	3842
634	3891
591	779
2053	2071
2402	3324
1396	1970
3498	2707
2233	3263
1123	3091
3205	1989
1939	3996
804	257
2034	2030
1535	3144
1912	876
2095	2030
2071	2012
137	952
2025	1998
2062	2071
2024	2019
2019	2086
839	1434
1859	3985
2006	2004
2044	2023
218	2895
2069	2061
51	520
9	267
2022	2085
276	3325
2070	2100
2033	2032
1970	4037
739	1219
2778	3406
2067	2074
1847	1618
1469	3737
2080	2011
1599	2233
2873	230
2088	2095
2053	2070
2032	2027
2076	2011
2029	1993
2068	2062
2029	2019
2967	3050
1520	2662
3426	1404
2008	2004
217	3587
1776	729
601	228
1877	1413
1020	1902
236	432
362	144
1106	2621
512	3623
2461	2043
3	3307
2724	3652
315	3100
2033	2031
2064	2070
452	2758
2021	2087
2859	934
2168	3679
2067	2096
1265	1057
3876	2023
2035	2030
2070	2067
1777	685
314	3746
1136	566
3351	909
1019	3959
2313	713
2416	3298
2083	2013
648	969
974	1554
415	1431
2092	2093
1462	1259
370	755
2064	2057
2405	3866
3069	1006
2028	2040
3052	1160
1916	222
590	649
2071	2016
3062	1744
3730	1199
2021	2009
2013	940
1854	2884
1607	2193
2062	2064
2917	1708
2230	595
2020	2031
2014	2085
1194	777
641	488
1996	2010
2030	2037
2074	2055
1393	805
1636	4008
2523	2905
2776	1394
3498	1447
3652	434
2938	3503
3997	2588
3228	2692
3321	2766
2029	2078
2081	2087
1876	2863
2892	3356
2031	2031
2070	2066
2091	2006
2101	2088
2065	2058
2029	2034
3539	1205
2068	2018
2806	955
2016	2010
2063	2068
730	1559
3283	1602
2967	3727
378	1919
2023	2024
2017	2084
3485	23
1995	2005
2031	2039
1814	1154
2426	3051
2070	2061
802	289
2028	2076
2972	1351
1651	1551
2809	754
2085	2080
409	1544
281	1028
1381	1259
3097	2378
2037	2022
626	1386
1340	3705
2078	2080
2072	2013
2104	2085
2064	2059
2035	2027
1639	2066
2066	2020
2014	2012
2062	2073
2113	3208
701	1139
2758	220
687	2665
1106	1268
2015	2021
2996	247
915	1545
3507	2211
2025	2082
1061	1863
3264	4002
1726	4078
2767	254
1808	2536
3191	2954
2332	3499
1715	3861
1989	2015
2917	114
2034	2034
2783	1665
2826	201
2060	2058
183	3204
2042	2074
2085	2086
2036	2018
579	1751
796	2389
3917	2896
2335	1778
288	1644
1967	2865
743	3286
11	896
2078	2073
1625	1117
2221	3356
748	1121
1242	3994
2789	1398
3103	1036
379	2730
1740	587
2077	2005
2114	2079
2068	2053
2043	2025
2061	2021
815	3452
2013	2016
2054	2075
23	217
3499	1620
2800	2748
3100	1124
2016	2031
2018	2090
1985	2015
961	2682
2029	2046
3888	190
3355	2828
3236	441
569	787
1717	3382
1739	820
2042	2078
2079	2073
2050	1588
1412	2589
2044	2031
2777	3946
2343	2957
2073	2070
2074	2012
3568	406
2109	2085
2072	2039
3419	2332
2052	2025
2156	2568
2047	2022
2967	3358
1702	2672
2014	2029
2126	1935
2056	2060
687	1760
1984	396
3129	385
2022	2022
1298	1992
1988	2013
3106	1803
379	3491
1206	3966
2415	3326
981	1553
1793	1845
2022	2058
1490	3526
413	2240
1827	973
609	680
650	1078
2044	2076
2076	2076
1119	59
2101	183
2025	2039
1807	1054
2083	2077
3918	53
3337	2011
1437	2527
867	2775
2092	3579
2062	2012
3876	652
1629	246
543	3585
2102	2080
3390	2075
2936	1283
517	1744
2090	1525
2082	2032
2054	2021
2054	2013
3014	182
2020	2024
2070	2054
63	1705
2009	2024
544	1739
2202	2703
2103	1246
185	3923
2866	1632
140	853
1993	2017
2011	2060
1977	3091
1618	2818
2047	2071
412	448
2420	2983
2045	2080
2084	2066
2025	2044
2092	2067
880	3039
4025	3203
3837	1741
3893	1386
2686	2185
2764	317
2055	2012
1866	2465
2187	1635
755	3715
328	2631
2109	2075
2931	327
2087	2035
2045	2022
1294	882
1897	2669
3772	1590
3287	3882
2056	2016
1983	4041
3801	497
2008	2035
1568	3989
1956	3870
2073	2041
1967	1478
2008	2027
3419	926
2853	3462
2225	40
3212	143
2051	2071
88	4000
1993	2020
3222	3947
2014	2063
579	262
3027	2747
2055	2061
179	2094
2592	2262
2055	2074
767	2764
1304	3721
1168	1444
3984	2087
3862	3489
2087	2066
2021	2054
2086	2072
2723	2301
2053	2021
997	1708
2106	2072
2078	2035
1359	2383
2046	2031
168	2439
2771	2545
30	2131
3287	304
2736	872
2040	2024
2324	256
1673	419
3914	362
2013	2030
3250	3028
144	798
1167	3550
2283	3106
594	1794
1595	1063
1008	1230
219	172
2271	2029
2077	2035
2433	3122
2005	2040
2045	2070
3474	1769
1983	2027
2023	2050
2466	1142
2051	2070
2053	2072
2701	2352
2090	2066
2025	2057
4013	904
2670	2366
2094	2055
301	1985
2478	2896
515	2581
3762	3705
2053	2028
2862	2761
1345	985
2107	2065
2077	2050
3772	2967
996	2934
2581	3288
2076	2228
2040	2028
2003	2032
775	213
1668	3713
2119	218
1463	3496
432	2465
1225	1830
2075	2031
1229	287
3383	1400
993	447
4091	3071
1988	2873
1118	3140
1259	3573
2011	2038
3456	393
1204	3943
437	1530
2043	2065
1984	2037
2015	2046
1894	3924
3069	3705
1799	401
1275	839
2057	2069
2987	669
2049	2074
875	895
2090	2061
2723	1480
482	3543
1667	63
2018	2061
2091	2060
2050	2030
1461	1231
2110	2061
3243	2480
17	69
2280	457
1943	1924
2079	2051
2030	992
2132	1286
3769	3286
1704	2319
2037	2015
1378	1230
1998	2037
2224	3233
2951	2041
1180	3094
802	634
1007	3903
2075	2035
2113	755
458	1187
2975	2303
2009	2030
3771	1486
2050	2065
2425	1986
1378	1324
2240	2620
1986	2033
2864	3213
2014	1065
2023	2039
1060	2887
2061	2080
2043	2071
1516	1793
2569	293
3652	2130
2099	2066
1900	142
2628	3319
203	2622
2020	2061
2087	2061
244	3141
680	1849
3096	2071
2048	2033
3448	1410
1499	3257
3745	1239
887	1214
1978	3518
2109	2063
2071	2054
2595	663
3967	1908
3229	364
2638	33
427	807
1393	1005
2035	2014
2724	268
2155	1882
714	2426
3879	2597
3491	248
343	63
2796	2973
1873	3938
36	522
2762	3149
2049	2032
731	2597
794	3052
74	169
1992	2034
717	1103
2810	3369
2240	3705
2081	2031
2008	2031
1363	1371
3192	2347
2049	2068
3346	3078
2701	4066
1981	2044
1837	595
1842	2821
3228	381
2613	1018
466	2568
2365	3324
2017	2032
2835	707
550	3231
202	1580
2063	2081
1160	1546
2043	2062
2106	2063
2017	2067
3821	1828
2948	2322
2520	1792
1489	2017
2089	2062
2044	2036
635	332
2111	2052
1446	2412
741	2135
732	3842
158	401
276	856
591	397
1840	1783
372	2264
3066	3758
1827	2938
3892	1539
1280	2472
1759	2249
1653	916
2079	2071
2931	1507
2027	2013
2060	2040
3161	1366
3902	27
1982	2030
710	3318
1476	3365
797	2447
3721	3216
2082	2036
3565	814
1996	2040
3837	1200
3297	313
1385	2089
1810	1998
2050	2057
1696	2684
2980	3167
1994	2044
2017	2029
2864	667
1230	3462
1587	3550
2070	2072
2049	2054
2114	2070
2604	2203
3379	3287
823	686
164	1194
980	3093
3512	922
2017	2058
3730	641
302	4037
2864	875
3778	3486
1100	1072
2572	1337
1149	81
3483	3724
2097	2053
2297	2457
2054	2035
2096	2047
2092	2064
2434	3680
1392	3354
2024	2026
2047	2043
3881	2269
3422	3528
1269	2170
3082	1614
48	1557
1277	3348
1989	2019
2083	2043
1992	2047
251	3964
2317	191
2046	2058
1645	3866
1994	2059
1805	3841
1999	2036
2072	2067
2056	2051
3981	238
2103	2076
3071	55
2254	1462
2088	16
2708	3073
1897	2032
3846	3616
1400	3681
1854	2928
2016	2051
2115	2037
1111	3713
2049	2042
2104	2038
2096	2057
12	755
2022	2026
1857	4031
2043	2041
2229	3139
1995	2024
740	410
2082	2046
1978	2057
1567	1955
123	3311
3392	1356
2743	601
3874	2871
4059	2987
2696	3733
230	1656
2957	1051
685	2204
2041	2060
1985	2062
1757	1438
2005	3983
1997	2040
2069	2075
619	937
2051	2051
2106	2068
3495	2250
2012	2061
1456	1847
1171	2620
681	3728
1452	2884
3177	1198
2111	2043
3280	2706
2045	2038
2115	2033
2062	3517
573	2169
1721	2502
2094	2052
1018	3465
2782	3919
2344	1873
2848	322
2286	3166
1048	2578
2036	2047
944	1027
991	3990
1997	2033
2078	2038
2640	2574
3615	204
358	3568
1990	2045
2525	543
2854	522
3898	3372
3774	923
2049	2063
872	1754
3846	3891
1981	2054
2009	2040
2067	2077
2053	2061
2098	2057
2018	2062
3160	197
2102	2049
2546	2923
2657	834
2050	2034
1608	2899
2113	2040
2094	2053
2028	2021
162	151
2041	2035
3613	3186
1671	903
1999	2037
744	2052
245	2564
3516	2868
2772	2019
3322	3183
325	1617
2080	2035
1324	2662
1995	2049
299	1400
2046	2063
3835	305
3426	236
3239	1320
2628	3338
1978	2059
1991	2055
2068	2069
2575	3551
1569	2669
2064	2056
2094	2060
2015	2057
3435	102
2103	2051
2050	2031
2123	2033
1744	2959
2103	2042
2032	2028
3963	2520
2027	2040
2002	2038
1150	1253
3698	227
1716	3385
2617	3804
2085	2035
1995	2052
3507	3818
866	2625
953	2202
2039	2066
678	269
2982	3281
3110	3582
2496	1183
676	758
3320	2884
2311	2113
1973	2062
1101	3078
4057	2590
1998	2058
3631	2916
1418	1583
2063	2066
1677	976
1986	1405
1559	2998
1421	1945
3048	2005
1961	213
1579	1945
766	3892
2066	2061
2087	2060
2011	2068
3490	2823
2926	696
4010	1516
3936	3034
2045	219
818	1422
2095	2055
2381	4083
2047	2037
2124	2031
3555	3972
1205	462
2189	3812
4040	3411
2094	2039
2042	2028
2024	2039
1684	1430
3023	3810
176	3909
2002	2042
746	1643
2043	2640
882	471
170	2552
371	2822
882	1912
2085	2033
2217	297
2008	2033
3731	2093
2049	2051
577	1890
1972	2074
361	3252
1944	1560
2736	874
1994	2064
2053	2068
2641	543
2066	2065
106	607
2084	2058
2010	2065
2086	2062
1669	2499
3745	2787
723	3916
3593	3542
2044	2049
3450	787
3993	3979
2121	2024
1062	490
2688	3050
1602	912
1176	844
1250	3137
4005	1783
2102	2031
2047	2024
2780	757
3246	1672
3419	1749
429	1004
3313	330
2623	916
2035	2031
238	1143
550	733
3165	451
688	3012
2023	2027
1445	1793
1613	219
2481	1460
879	963
1414	902
2083	2029
2012	2027
2059	2042
1976	2075
2793	1751
2862	1350
2875	1637
1984	2075
1871	3864
2409	2522
2047	2077
1054	3000
2059	2066
2077	2064
1595	186
2006	2078
1458	3639
2080	2066
2352	837
2119	2013
2597	2469
3905	1616
2114	2021
2047	2018
2639	1695
42	2853
2263	1406
700	1887
3282	502
559	3782
2039	2028
2320	786
3665	350
1586	4002
3511	758
90	2046
2016	2042
2125	1865
1534	2356
876	1383
2771	2910
2644	2076
2796	3146
3848	1387
2088	2015
2015	2029
2144	2426
2062	2040
2315	2219
1963	2089
1974	2087
421	652
3261	1511
3198	3849
1721	2775
1171	483
2615	3694
2246	1409
3025	3176
1567	2474
3348	3758
1125	1338
2047	2078
2226	94
2060	2059
2770	2726
2087	2054
2010	2087
3182	1545
723	1804
1631	3667
1850	437
2599	3090
270	3872
2110	2078
214	82
245	733
2604	3697
1370	1801
4047	504
1818	916
2080	2073
686	3712
3193	173
1281	3139
3329	157
2558	1473
2438	2689
3689	1983
2022	2063
2137	1995
2122	2005
3064	3239
2223	1031
2058	2017
568	2459
696	3515
145	395
4037	1527
3165	2219
2032	2036
2004	2053
1672	66
3261	1455
2075	2021
623	1510
2012	2026
2069	2039
1953	2106
3874	807
1971	2091
1702	1198
2034	2079
2067	2063
2904	2320
2353	3220
2898	3922
3977	1689
1424	204
1571	3175
3794	2390
1308	3411
838	3338
1309	3549
2095	2039
994	848
3757	2236
2075	3905
3969	1636
3100	2957
4056	2278
2628	2431
2084	2075
1978	3788
2016	2062
1214	3466
2535	839
2127	1153
1575	700
2145	1989
2123	2005
2147	1069
3609	1976
2504	3953
426	908
3663	970
3751	3866
3947	2398
2028	2029
2750	2550
138	34
120	891
508	2418
3453	297
141	872
4048	2373
532	3148
3030	3260
1300	869
1570	327
706	2174
2012	2059
2068	2024
2010	2017
2079	2039
1953	2110
1969	2093
3024	3848
2073	2876
191	3463
2035	2062
2065	2080
2082	2034
2030	2068
2089	2078
562	1492
14	4037
2020	2057
815	428
2141	1992
1143	344
2124	2002
660	1166
2054	2037
228	1026
2031	2016
651	2590
2018	2057
3010	3839
1672	3674
2065	2030
2235	1671
290	78
2676	202
829	2342
1929	2657
2006	2019
2073	2040
564	450
1962	2102
1967	2090
2050	2058
1199	1353
2062	2086
3985	813
2071	2036
1599	446
2211	1927
3951	2265
862	3893
853	1362
2085	4005
2034	2061
2090	2075
2028	2053
2439	3220
2139	1992
2128	2005
1079	1501
2046	2038
2516	998
3960	1328
1255	836
505	1267
1455	3147
2031	2014
2397	1893
4061	2595
2024	2049
941	1338
2015	2126
2064	2037
2010	2018
1982	2863
1995	975
4082	2180
183	1647
851	1238
1294	1933
3412	1136
2700	2885
2829	2037
3494	3620
1944	724
2724	835
2064	2048
2883	1904
1313	1628
1955	2110
1964	2092
3918	3051
1552	2671
3522	3929
684	2702
2025	1554
3863	372
2054	2054
2071	2073
3520	1974
3112	1171
2904	3832
3030	2962
1809	2179
775	2323
800	4057
2068	2049
2034	2062
2077	2088
2038	2040
2430	976
1544	3556
1906	3405
2146	1986
2122	2012
2828	2546
2044	2041
2024	2022
1649	2940
2026	2047
1869	4086
2193	3427
2070	2031
586	726
2931	332
2402	110
2020	2007
3605	1167
2337	1901
376	3834
529	1782
3753	2727
1311	1893
2057	2053
1531	3245
1080	2811
1417	2273
1950	2112
1742	1425
925	362
1251	1809
222	2009
1765	2033
3060	1807
2050	2272
2921	1771
1354	1342
2968	1370
2703	4083
326	38
1397	447
369	762
1704	285
1855	3869
622	10
1817	3993
2316	1620
2643	1991
1212	3899
243	892
1976	2088
1581	2528
2050	2051
615	2514
2397	83
535	3756
2065	2077
1448	2262
3499	2194
2580	2242
3593	2159
2175	2264
2074	2045
3408	580
1226	1871
4019	1003
3545	2931
2031	2063
2084	2079
241	1656
1892	168
2033	2053
2136	1992
2121	2003
175	2530
2582	966
2037	2051
2034	2019
4034	2743
2027	2049
2068	2028
2333	2700
2140	3307
404	2198
2589	1572
2425	2400
2011	2015
523	2332
3806	3012
2292	3406
2780	1533
3243	2673
2736	2351
3268	2156
1306	1433
1125	1159
2070	2034
1957	2099
1753	1234
1348	729
1984	2094
2062	2048
2068	2070
3040	1772
2076	2042
2024	2072
2087	2074
2026	2066
2140	1995
2212	2627
1878	3460
1831	1173
1568	2388
3014	1179
4055	1661
1495	455
451	437
451	1000
2102	2008
2036	2051
2031	2020
388	1698
1453	584
2019	2052
2077	2027
1296	1319
2765	772
2002	2029
2064	2034
2656	3335
2975	1375
2882	3901
2736	2560
1036	2304
1950	2101
3822	2403
1997	2090
2054	2042
1122	3579
31	2185
2071	2076
3090	1283
23	816
4082	1872
283	829
2078	2041
2421	1703
1303	2583
2883	3317
2549	937
3605	2829
2016	2066
2097	2062
2032	2069
3790	2099
3079	1333
4088	2823
2137	2006
212	3678
1977	10
1858	2925
633	2365
2088	2008
1741	3219
3870	1666
2031	2024
2013	2055
2071	2039
1998	2026
3320	3005
3802	3764
3238	1124
573	924
2969	1510
48	3065
354	219
2453	2029
2071	2023
1967	2085
10	2707
792	3866
2006	2091
2048	2050
1610	1529
988	3146
3277	1739
2065	2066
2311	2638
2702	3029
879	1203
3638	510
2232	2474
3525	3281
3552	4006
3327	1646
1840	13
2248	1945
488	2474
2089	2046
1688	1781
4076	355
31	1867
2023	2063
2101	2071
2017	2079
226	2926
924	3669
2126	2017
1496	748
2087	2002
2047	2051
2024	2034
2008	2049
2992	2941
3153	2171
2896	3875
2502	3713
3109	316
2071	2034
1995	2025
3955	1262
3505	3788
2723	1944
2079	2017
147	1795
511	124
378	1615
854	2945
358	1586
3766	2783
1969	2082
3841	272
1707	1088
1845	2517
1124	938
2010	2094
3541	2970
4082	1707
2050	2040
1239	4016
2068	2068
3358	2986
2429	1777
3219	3901
3752	3258
1662	3786
1878	1004
2882	1548
3239	3522
129	2117
3902	3959
2082	2062
1535	3147
2015	459
499	1543
2226	656
2093	2074
2021	2083
1148	617
1273	727
3141	1548
3261	3924
631	2139
3492	3133
55	2002
2121	2014
2086	2007
2552	3958
3706	1760
255	1331
150	2416
3627	2906
2046	2060
3795	1724
1043	1888
988	1170
2026	2028
211	2900
647	2764
2017	2024
3852	3423
2093	2027
252	1877
3886	1021
2002	2028
2078	2010
1977	2070
2019	2088
2465	3960
2055	2031
2076	2064
2081	2074
2003	2067
2093	2066
216	1262
3348	884
2451	1986
2342	1832
2027	2082
2119	2025
639	3896
969	3258
50	1012
3717	432
2413	3578
2474	1962
2075	2009
3318	3346
1025	1789
2047	2063
3743	2152
2027	2032
1578	3529
1211	689
2132	433
2377	2499
2025	802
2725	3432
2000	2027
136	1949
2088	2037
1995	2045
3116	1365
3919	314
149	2578
2064	2013
2960	2335
1200	3170
1983	2061
807	3263
857	3826
321	551
92	2794
2017	2096
2159	473
2052	2031
2066	2064
3809	3043
1102	161
3839	2046
2004	2058
2973	1218
2368	2380
1372	1610
545	3161
2106	2045
591	1854
2043	2082
2109	2040
867	3872
2408	3586
1812	1884
328	1676
3459	3008
68	696
2081	2001
2046	2061
2031	2032
3311	3806
2004	2023
631	3675
2872	3841
1279	740
1026	3104
1986	2044
784	3711
3689	985
2591	1471
2043	3509
2061	2008
58	3633
3661	3641
1996	2053
986	2194
692	2535
3615	94
617	141
2785	766
1000	3785
2016	2086
2774	3666
2982	155
3683	3414
490	1398
1372	1306
2055	2036
2507	1687
381	1915
2063	2071
3399	3259
3444	1438
2087	2067
2554	2508
1706	1164
2510	2561
785	1876
2012	2058
1103	70
2100	2059
679	2243
3358	1232
2173	2798
2648	802
1916	1419
2030	2084
1495	387
111	2944
1851	2146
1171	1580
241	3464
2100	2040
1818	665
3301	403
785	2717
764	1787
4083	3693
2101	2300
3372	588
2155	2019
2818	1277
2293	1751
1829	3994
2076	2014
3481	2302
2045	2061
2680	1043
2077	3741
242	1013
2420	3345
3212	1839
2026	2024
1507	959
2008	2042
2073	2042
2882	2617
3244	3935
1209	1950
897	2121
2005	2020
2766	3874
2079	2006
1209	2791
1769	1343
1999	2049
2024	2078
2038	1755
3599	1590
1460	819
2056	2037
509	2056
906	224
2946	3131
2476	519
2069	2068
2017	2337
3498	3238
2092	2053
3769	2667
2440	1410
223	2948
1951	2547
3304	2208
2026	2056
2091	2071
1765	1911
2013	2092
3712	3530
3908	1783
2096	2050
83	3494
2637	189
510	434
3143	1677
2770	1728
779	2534
1690	2241
2069	2024
470	2156
2038	2061
2957	2847
3772	2851
491	2712
1004	821
2600	330
55	3679
2021	2025
2892	191
1737	1524
2004	2043
1473	819
305	2837
30	2475
2078	2029
2541	3047
701	2440
2007	2024
1298	3684
391	3589
768	613
2081	2006
2002	2046
1261	1313
3036	60
2029	2067
2061	2030
3513	2958
2076	2074
2162	262
1841	2922
2426	4083
2617	770
3675	3060
1740	2759
2231	3014
1438	3970
2369	2115
773	3348
782	2025
3290	2285
2017	2072
2087	2070
2007	2095
2648	3932
97	1125
2722	3986
2059	2031
2040	2065
2021	2023
3235	1079
1995	2058
1382	2095
2082	2020
2007	2023
2586	3059
2087	2004
2003	2045
2029	2068
1860	376
1599	2445
2824	3843
2573	3936
1706	1939
1785	3675
2062	2026
715	139
3162	2290
2586	3249
2259	3558
901	1966
2499	1176
215	3309
346	2392
2099	2033
2290	3319
1978	1443
2277	113
293	1287
1914	671
2178	2975
203	847
2022	2072
1333	2324
2077	2076
2013	2088
2689	1423
2095	2050
1037	1646
2028	2075
2007	2028
1997	2062
2070	2026
3556	1368
1676	496
3669	2109
268	718
4067	73
2546	3571
2018	2020
2086	2006
1257	990
2960	3279
906	2674
396	3262
2543	1307
81	2492
2005	2043
2027	2064
2067	2021
959	3675
2084	2070
2101	2031
1438	2491
1580	675
2034	2066
2893	3233
2073	2079
23	2849
513	1950
2893	3416
2010	2089
3362	2214
830	2750
2531	729
2093	2054
2071	2032
1727	421
2022	2081
2009	2025
2282	3574
3517	1207
2309	1246
1996	2068
2064	2027
226	1148
2539	369
178	118
2798	808
2029	2013
1548	3263
166	2430
3987	2846
3665	840
2083	2006
389	2992
1099	3056
2005	2034
3825	3348
721	3860
3872	2800
2033	2065
2067	2023
2085	2071
238	2245
3835	3663
2092	2035
2322	1026
530	3125
2366	1798
2070	2082
944	787
2013	2091
3426	1405
856	74
3640	3181
3798	2296
2060	2028
274	1210
2040	2070
2147	640
1496	3714
2328	1472
2015	2018
2010	2064
2577	3002
2063	2025
3245	2605
2852	2214
770	2752
2029	2016
2308	900
569	3672
292	1849
2082	2000
1254	313
1318	799
238	1886
2137	2618
3004	2420
2812	1694
445	2050
431	1671
1325	3363
2037	2071
187	48
1546	1131
2059	2030
1164	3513
2085	2030
3650	883
2030	2075
3276	1810
2067	2087
2258	597
1390	2813
2921	2091
3079	109
23	2071
2005	2100
19	875
2444	2207
2090	2062
3817	188
3657	3370
3335	312
3373	1352
3657	1523
2058	2030
3729	2701
3924	3375
2194	341
947	2901
1132	2198
1245	3019
808	3319
2071	2020
1403	802
715	1971
62	1037
2018	2024
2083	1992
2009	2034
2036	2063
3820	0
2071	2028
1285	691
2178	2209
1919	2455
2310	613
2572	829
3798	1813
2076	2083
2979	3805
2083	2031
522	1421
2024	2081
3518	152
1977	3671
2076	2072
2014	2106
783	3336
1533	1741
565	2672
2152	3612
1755	3365
2065	2032
1568	1233
2035	2058
2071	966
3564	2828
2444	1597
2984	907
2022	2012
1812	2538
101	1494
2302	2189
2790	2037
3622	3853
1053	403
2009	2058
169	789
2076	2020
821	1731
2998	3640
1947	2610
1150	1822
448	2880
2665	550
1786	2230
2086	1984
3806	4044
2471	689
1997	1012
1764	1858
3829	4012
2043	2053
4019	2529
2525	1363
2343	2792
1715	3454
2068	2040
3992	72
3933	1416
933	2147
2075	2043
2065	2079
1417	3170
2007	2109
2084	2067
3461	3287
3533	3351
2527	2260
2965	2615
3088	3261
3485	677
1021	2289
65	2003
3095	1534
1553	1448
2039	2051
277	2873
468	3564
2327	203
3661	2193
526	3063
1226	836
1137	3329
2021	2046
1738	3641
4054	2683
1977	3535
2022	2016
2026	2058
3737	2165
3479	2261
1948	3981
777	367
3457	1459
2412	1158
73	239
3070	1249
614	1991
2022	2029
2081	1996
1587	2526
1994	3975
3885	1461
2007	2021
2062	2042
198	3812
1175	2679
2074	2046
2077	2075
2077	2024
2885	1099
1516	2203
2039	2083
631	1790
2078	2061
421	2043
1725	3810
3761	164
2013	2102
2084	2078
277	2959
767	2336
3307	1370
2033	2054
3163	2841
2018	2056
366	2509
3331	2660
2013	2019
935	70
2350	730
3021	3648
2027	2069
2361	3643
2054	2007
2481	2440
1915	2642
2022	2039
1450	124
2083	1993
3919	674
1782	4052
2870	2779
474	3753
1615	2864
2017	2009
3982	1178
94	1434
2063	2050
596	3059
1512	438
2378	1703
1886	3758
3423	165
2296	567
2080	2087
3250	55
2053	2084
1621	3997
2069	2054
456	1986
2019	2109
1043	1948
1825	3473
405	2016
3563	2403
2570	2421
599	302
2075	2089
2031	2048
450	119
3033	950
3084	794
1772	340
1618	1480
3326	3444
2029	2050
1791	1966
2032	2068
3755	2419
2569	2408
151	2256
1269	385
2440	3317
1728	2739
2041	2014
2022	2051
2913	2114
2070	1989
1112	180
781	1798
883	264
2997	3151
558	808
2965	2272
600	3748
2205	1053
1083	490
2024	2017
3944	1942
1141	579
561	2442
2059	2050
1590	1980
976	1370
568	3091
3189	2136
2414	3733
2067	2058
2512	2149
1806	2346
774	2915
3202	1113
2074	2083
2067	2022
2056	2096
3911	2347
1386	1879
1898	2493
3583	1536
1738	3151
530	1377
308	1624
2056	2052
2026	2111
2070	2073
1135	252
3976	664
3083	274
2659	3693
1544	946
2327	3271
3704	3782
3967	2059
1741	1075
2053	2042
2324	1388
3301	2593
2027	2006
1412	2205
2729	856
3880	3221
3552	770
3520	1836
3734	2269
2032	2075
3351	3010
3220	1869
1839	3424
2892	1972
871	475
1338	3018
1979	2336
852	3657
309	3390
3417	24
668	478
1048	764
4029	487
807	511
3019	2015
2910	877
2034	2010
2917	1450
2037	2043
1822	3979
2067	1983
2696	1761
2037	2016
4084	1929
2103	1363
926	1732
212	185
2051	2057
2072	2049
359	910
2075	2090
2060	2021
2059	2091
2297	1989
2060	2050
2033	753
995	3589
3850	2298
2505	3969
948	2774
2702	2357
3192	179
2032	2110
2062	2078
2051	2038
3937	2753
2014	2061
588	353
2019	2001
3946	2339
1224	1183
2037	2074
1740	765
3118	592
1078	377
4043	2408
2035	2011
2928	865
3666	603
2140	2158
3635	2728
2029	2052
112	1738
1055	3215
2064	1982
3251	4055
2756	3831
2950	3660
2033	2024
2440	1318
349	1371
2037	2061
2081	2043
2071	2095
765	3695
79	3869
2065	2018
2058	2088
276	3082
3071	3305
456	3487
2771	605
2123	3585
3517	1211
3881	163
999	2649
2030	2110
61	324
3739	874
188	1691
1203	1897
2344	2356
4032	2958
87	3291
3953	2192
2224	122
2066	2067
2061	2037
1470	1935
2915	2190
2938	1772
3184	72
2015	2050
2545	3794
2035	1988
369	2042
335	3823
1223	1851
2034	2083
545	852
2272	3659
2030	2010
2032	2044
2073	1980
1002	2732
340	2224
3961	1818
4049	2402
1474	3201
2037	2026
2030	2070
2746	3188
354	97
168	1066
3600	1356
2077	2045
2067	2104
2263	3180
2058	2018
3877	2784
3561	2648
3948	3093
2062	2045
2031	2117
3421	3567
631	3995
1822	2795
715	181
583	3624
2806	1664
632	2962
174	2082
1269	1024
3762	1202
3474	1504
404	608
561	1609
2168	1461
2051	2076
2068	2031
3124	2995
3787	3864
3935	1151
2126	341
3851	457
417	3219
1723	1534
341	7
2956	2942
541	2450
2036	1986
618	1449
2267	831
65	3952
2034	2001
878	2135
2041	2048
2359	3136
3478	453
2057	1993
2047	2014
2980	2127
938	3329
2028	2069
3427	766
2078	2039
3174	2679
2058	2114
497	3274
3842	2335
1854	1033
2065	2013
2971	1099
2058	2102
2054	2047
2039	2102
2052	2080
769	1527
2038	2310
1312	161
1542	61
2067	2027
3458	856
2026	2046
2043	1984
3749	1542
1579	1553
2024	2083
360	2456
1996	3227
3964	1779
2039	1999
3617	2347
1101	339
618	2276
2629	2437
2044	2044
2061	1995
3205	3419
3058	765
3131	757
2258	3331
2049	2004
2032	2073
3064	830
3517	2421
2736	2699
2522	851
3045	3430
3888	3887
2067	2054
2051	2110
447	424
422	88
432	360
1541	1054
1601	995
2202	3152
2158	572
3513	1221
2537	210
2075	2016
3092	993
2554	2944
4061	2401
2048	2111
2043	2052
3542	121
36	3328
3858	572
2043	2102
218	3901
1781	1432
1605	3991
661	2450
2037	2096
1895	675
2056	2022
1503	1447
3222	1147
1479	3588
2207	2195
1515	2370
2024	2045
4089	2741
1460	303
2041	1992
962	1769
3686	622
2029	2077
984	1655
3764	3965
3473	3429
1274	932
751	2395
2039	1986
671	3388
2722	697
2054	2045
2250	4044
3152	1689
3757	1313
1709	1280
3615	2392
3623	3799
2474	1289
3027	2863
615	3761
2057	1982
2063	2003
469	3244
2041	2065
2073	2058
223	2557
2049	2105
2103	3490
2058	2111
2046	2044
1382	734
3635	3622
1959	4041
1899	1833
1460	3196
3775	2858
2485	3671
421	568
3046	2316
2039	2116
1432	3779
2036	2096
1530	2491
3288	2028
1100	1487
2804	1932
3386	734
1851	546
3598	3036
3932	2572
465	788
2057	2026
1976	2932
2021	2043
1936	1493
3872	2056
2036	1999
2454	1683
968	2130
3479	1399
275	208
2038	2081
557	1581
2923	3261
2049	2044
365	3369
2274	2087
1763	490
2065	1980
3694	3479
3111	2358
1733	1121
3954	1943
2284	2719
1212	1822
231	3495
1340	3683
2663	1504
714	2671
177	1151
2061	1991
3569	1223
2214	2737
3544	3576
555	2555
2567	484
2994	3999
1253	1263
1357	2708
3686	1376
2060	2062
2066	2069
3435	2908
3448	1756
2059	2094
3369	2267
2055	2011
1270	277
1944	593
2060	2103
2918	1985
2044	2055
2034	2123
2033	2103
973	4058
2556	891
2037	2034
2031	2029
2034	2000
2315	931
2040	2083
121	2104
2033	1999
2047	2045
2540	2285
3286	3083
155	2537
1908	3809
2552	1693
550	789
3013	334
2377	2974
2336	5
2059	1974
3588	738
1799	1085
3451	190
3422	3881
2086	4025
529	3079
2061	2001
256	2989
3028	1042
1297	3816
2055	2062
3702	1507
2710	1264
855	918
2067	2070
1767	2101
1185	522
2058	2093
2052	2014
2067	2086
2064	2045
1310	1349
2042	2119
897	3195
381	2080
2030	2099
2033	2043
1933	2888
3361	2390
316	2923
641	268
236	323
3304	1197
1196	2355
2660	56
4015	2763
2031	2026
1195	285
1632	923
1555	1510
2038	3613
2743	569
2793	3524
613	48
520	893
1959	1656
646	3425
206	3415
2171	548
1473	876
2035	2090
3038	1550
2031	2011
638	2678
2683	859
2028	2055
2046	1974
573	2799
1285	2310
2075	1994
2067	2049
2732	78
2258	3886
3662	3019
2075	2064
1756	1072
3550	3608
1784	1561
1113	1794
809	2845
3680	1395
792	884
1813	3624
2061	3394
2464	482
2203	285
2241	1061
94	1615
1073	3233
1926	947
902	789
620	2231
2223	2571
2065	2006
1549	2359
3691	2232
2550	3663
1032	1669
1860	3657
2079	2079
185	3238
2651	2778
835	191
2066	2040
2056	2122
3843	3890
2011	2114
2886	111
3512	2476
2024	2044
3313	1884
1934	3044
3244	3453
2022	2038
2029	2015
57	426
1558	2765
2041	2083
39	1880
2019	2013
1809	1470
2459	3103
2029	2060
234	3432
2892	3470
981	2883
2041	1968
2972	3369
2087	1975
2085	2055
2072	2056
2990	3279
2067	2078
1491	917
2778	2898
1606	0
2063	2004
3043	1819
4062	1705
2073	2028
2054	2137
2007	2121
2003	2051
3606	2778
2965	3247
17	2549
2016	2043
3910	1624
3306	392
2037	2012
2039	2088
2334	1113
2008	2024
3607	2582
1384	2291
139	2431
2020	2069
3185	1781
2036	1963
3053	733
1803	2470
1984	2121
2091	1975
2714	1379
2090	2043
4024	1211
2082	2053
1605	3300
2060	2087
3512	2186
2054	2014
505	514
3683	2371
1351	1313
2081	2081
2611	3304
3272	2513
3303	835
1412	1941
3052	1045
2072	2022
1039	3307
2064	2136
340	1644
3968	3304
3823	2615
435	2697
1994	2125
514	2823
40	2252
3896	4028
1805	2910
2005	2064
1990	1874
4019	1618
2018	2031
2582	1213
2076	889
2488	1406
368	1722
2034	2007
2606	3362
2058	2073
3222	3593
814	396
1743	3989
2021	2010
2026	2069
505	1005
1862	2914
581	2407
460	3073
2203	2453
2710	628
374	2209
2982	1503
2036	1951
3989	2919
1975	2811
816	542
1985	2376
3081	1141
2000	999
2107	1973
2773	876
2092	2036
1180	1499
724	1014
2070	2091
2035	2026
3583	2200
1116	1838
2074	2081
1332	3802
2067	2142
1987	2125
2005	2058
2083	4009
3655	3709
2028	2028
2131	2707
2028	2000
2025	2009
2021	2080
1925	3094
2033	1952
3675	2613
2107	1972
2093	2032
1089	2702
2208	533
2069	2069
2021	3952
3291	1914
1640	506
2072	2087
1682	2679
2036	2029
1066	1405
1096	843
1687	2161
3153	1878
2860	509
3479	1601
2068	2089
4026	34
1587	3853
176	609
2080	2020
2836	1362
2058	2140
174	2209
1624	1650
3996	922
1402	1418
1995	2126
2004	2050
2037	2032
2020	924
2016	2019
1871	2860
581	240
2057	2066
1515	2513
2027	2005
1216	989
2685	1477
1758	860
717	1047
2167	78
2020	2073
2040	1961
1678	1508
2105	1965
2091	2052
2057	2064
775	3315
2201	108
2083	2073
695	447
2039	2035
2062	2092
3934	684
2075	2026
1783	2341
2053	2139
2941	754
534	2175
1992	2128
3133	474
2004	2046
664	299
2580	2119
4008	1287
3598	644
3049	1641
2760	392
1157	1069
4079	821
1841	22
2465	1266
993	838
2040	2029
2017	2025
1806	4079
2045	2063
1880	2067
2581	3512
2040	2009
2017	2066
2528	1290
121	190
3795	2275
642	1231
539	1418
2948	995
1611	1114
2736	3055
84	1883
2520	14
3780	2836
1294	1844
2054	1954
2108	1964
1224	2844
3644	2316
957	1641
2353	1315
127	3663
3187	1382
2090	2054
2058	2069
2902	3214
2072	2069
899	3039
2047	2035
2452	2448
3519	3323
2805	2090
2062	2077
2090	2038
2971	3338
2038	2146
1986	2122
2012	2044
2039	2026
3587	1742
1996	1452
2047	2070
2549	2624
3493	360
2031	2017
1679	3399
2007	2059
2053	1954
3888	3928
3509	1480
2090	2047
2055	2073
2076	2069
1321	3761
3773	1615
2050	2024
2062	2080
3529	2358
2065	270
2190	1587
2084	2040
2043	2145
1984	2124
1523	729
24	3699
2314	227
2982	2441
149	626
1484	1020
1490	3381
730	793
2281	3113
3070	3553
3799	861
1068	477
3071	442
806	2412
2045	2025
605	3191
1918	1743
1939	1164
2020	2021
3407	1824
2103	2213
2053	2057
3267	1462
2040	2011
2015	2060
2052	1957
152	1867
490	503
2104	1978
2087	2050
1483	2663
25	2526
2049	2066
402	586
655	3842
2047	2032
3378	2349
2061	2082
2044	2140
1991	2117
1169	2146
3308	3192
2010	2038
4045	3335
3242	1733
1792	2238
968	2992
1731	1099
4084	3887
2050	2036
2015	2027
2049	2065
2429	293
2017	2064
1257	1083
2042	1961
448	3134
3430	1520
871	3338
2102	1979
151	383
345	3021
799	2780
264	1125
2050	2062
576	2868
2006	975
3720	1179
419	2839
1900	566
3249	1940
947	2653
2044	2025
3742	3651
1976	1853
948	1568
2672	2878
373	1887
2065	2140
3825	1565
1994	2111
2004	2036
1697	699
3381	184
1449	1528
2050	2027
880	3376
96	4052
2056	2070
1113	147
2028	2005
1798	1720
3392	1966
2034	1955
2094	1898
3558	1765
1786	959
256	3254
2104	1993
1159	701
2092	2052
2047	2067
2076	2078
1445	2153
2047	2017
1430	2083
2902	2877
2068	2091
3386	1930
897	1251
930	381
53	2266
1829	1864
2891	2950
1924	1859
737	2788
165	1194
2285	3574
2064	2029
2145	3748
2068	2140
2891	257
1354	3225
935	603
1982	3038
1362	1859
2006	2092
306	1568
2008	2050
296	2398
2443	448
2043	2027
2024	2012
1633	1046
2054	2074
544	1982
523	1324
2494	1451
2039	1997
3502	2378
1234	47
1991	1325
3099	2089
3610	3055
43	3302
3623	1213
987	1669
2020	1968
91	3602
2648	2519
3624	1986
2094	2047
3995	35
359	604
2050	2067
2066	2086
285	0
2049	2024
3780	1239
2653	3067
1315	759
437	2409
2065	2020
2078	2128
1443	790
3425	581
3156	3980
2017	2085
3372	502
2048	2029
2701	474
4002	42
2637	215
2031	2007
2050	2075
86	3557
3194	557
2033	1998
1511	1165
2776	1552
3529	1657
3463	3148
2021	2078
3485	1338
297	1392
467	3115
1669	276
2717	3603
580	2443
2466	1174
2468	3402
2020	1967
2074	2807
470	2178
1267	1494
1360	3955
179	4027
3623	2189
3945	3831
2588	3905
1241	271
2371	3488
3202	1566
962	3205
2080	2009
2094	2049
2040	2402
1597	3626
1540	1394
1396	4065
1397	1450
856	2852
2041	2069
3110	2053
2647	3716
2798	1832
1206	3783
68	3461
2071	2082
1678	246
2066	2015
4050	1346
439	1648
462	3848
612	737
2061	2094
533	1555
2072	2019
2086	2122
3951	3774
2777	148
2601	1098
2015	2086
459	188
1908	4018
995	1864
2006	2045
3425	977
2727	3414
2061	2023
758	407
2025	2091
2162	273
1567	1079
2838	1084
3300	3222
1015	1948
286	2224
2791	402
3396	2950
2028	2003
1698	3766
586	2388
2063	1067
2031	2073
2062	1948
3413	2803
2011	1981
3816	1956
484	3060
3686	2931
2084	2052
3961	3807
3651	1590
2033	2072
2270	1451
3690	3368
3705	584
612	1171
3272	3939
132	2686
2065	2088
3850	2438
3371	2211
2070	2006
139	2492
3879	551
1878	1813
2035	1111
393	2182
2059	2102
796	717
2049	2034
2082	2116
2034	2073
2162	3395
3491	2471
759	2891
2397	3430
2163	2681
2809	927
2002	2044
3306	3070
2063	2033
148	3112
2032	2002
2040	1991
179	2861
867	802
266	2205
3266	3131
2050	2059
3378	820
1546	2304
2	630
2932	1070
2013	1987
2851	2098
2057	2021
1964	1962
2097	2048
2416	2825
989	3215
2843	4024
2423	3808
2063	2093
2072	2009
893	3318
2050	2113
55	730
2860	3045
2049	2039
2086	2101
1694	2474
2041	2081
2987	274
4025	0
3214	352
884	485
2004	2045
2063	2030
2714	229
3703	1939
738	3776
2025	2013
3714	3928
716	1556
2022	2088
3949	4031
1062	3695
3430	3727
674	774
2	3032
2046	1994
3452	1613
2037	2066
2012	1990
2026	2513
706	1477
3329	3104
2460	1455
2059	2011
2082	2059
2037	2064
3142	3304
2067	2013
2055	2103
880	1626
738	3968
2058	2032
353	164
3974	2197
2085	2104
2035	2079
3729	325
1582	3807
388	536
2015	2042
969	2733
41	1375
2997	3113
2059	2027
127	3261
2026	2003
3663	3833
683	749
3024	703
1494	1318
1577	3330
3176	2646
2483	1075
195	812
2037	2005
1894	2397
3969	1888
3051	514
2468	2955
2808	3552
2663	2785
40	2142
59	601
2022	2077
3048	187
2143	3347
2896	1912
1084	371
3283	3018
2972	2280
1556	3173
1007	1400
2885	1444
2007	2002
3607	772
2048	2023
2081	2056
1741	2105
2367	3767
3793	518
2519	1454
2680	1066
789	463
2069	2090
1404	577
2056	2019
817	1390
2060	2088
2079	2014
2051	2069
508	401
793	1560
2023	2038
508	1636
3270	135
2448	305
1590	1263
2058	2026
2028	2007
2439	3406
2266	89
3940	1678
2044	2070
1833	3337
2038	2007
2714	2191
2025	2079
558	1297
2437	3142
1283	3893
254	2206
262	3873
2847	1160
976	1599
1141	3756
1731	3118
3461	1942
3304	1704
3291	786
2000	2006
1495	2112
466	1003
3284	3474
1145	1137
2090	3174
2989	69
2063	2067
2029	2075
2725	1407
3222	3771
2074	2088
499	1666
1045	2077
3413	1061
1324	3107
898	183
2869	760
1927	624
2767	2005
2536	2672
1618	856
2073	2088
2071	2010
2093	2093
1233	692
2277	1562
2137	2882
2029	2040
2229	3581
1814	3461
3031	1120
1079	1326
450	1525
1317	1137
3343	1400
2063	2020
3153	2492
2025	1997
2382	469
1154	3315
14	2913
858	2579
782	100
1115	1480
1918	3912
3202	42
2063	2082
14	1242
2841	2863
3374	840
2022	2006
3659	1189
3632	3751
3355	2407
3521	567
3395	1362
2021	2085
3570	814
746	1835
3337	1057
656	724
1212	3969
2012	2001
2069	2099
1158	2896
2681	1482
985	1346
2036	2020
2081	1893
2074	2077
1776	808
2088	2097
844	870
2035	2028
508	3174
1356	517
2075	2007
2753	1427
2026	1997
1705	242
2327	2890
2062	2072
814	41
2023	2019
984	281
471	2538
2007	2006
2041	2025
1182	3417
2069	2060
399	2211
3626	3782
256	1667
827	478
2763	3370
451	2495
3167	1591
1036	1219
2097	2834
2030	2032
63	1629
966	2148
883	1434
3256	3314
130	411
2495	2291
2066	2077
1678	2060
3899	3440
1934	3444
3684	1922
2510	3038
1846	826
247	988
2084	2013
598	239
2088	2090
3503	1093
2056	2071
3328	3563
2924	2910
1547	549
2030	2025
1509	384
2138	4033
2076	2009
2028	1999
3341	3562
2406	2909
2226	1713
2589	58
2024	2030
1155	1225
2202	4048
2980	3056
149	827
2012	2084
2004	2005
2268	1341
2027	2038
3281	1513
705	61
2109	3500
3125	1988
2467	2450
2849	528
3126	3859
1967	45
3276	3716
2173	3285
2685	2258
3354	637
24	3722
1117	475
212	1463
1976	3259
2027	2081
810	3398
3234	1175
1328	2899
1417	2574
1570	3562
2446	2621
1972	1001
2078	2085
334	142
1591	1439
956	1037
3719	1406
2077	2063
3926	502
594	2477
1663	770
2894	49
2612	1113
3261	3106
3979	3350
310	2510
1741	3598
1644	2755
2090	2006
3462	3375
2410	2655
3065	1595
1672	1672
976	3691
3727	2945
2464	566
2099	2090
2062	2060
2848	3501
3165	3414
